# 10,18,12
. 42,7,7
: 35,9,1
| 36,1,1
/ 51,1,1
& 13,13,9
é 12,12,41
~ 53,11,1
^ 54,11,1
= 36,1,1
$ 13,5,1
( 19,16,2
* 11,9,3
¤ 15,1,3
@ 10,0,1
à 0,38,38
Ʈ 20,50,1
ʆ 1,50,1
Ɵ 61,40,1
ß 18,0,1
! 28,13,1
o 33,22,1
> 35,11,1
< 36,11,1
[ 39,11,1
] 39,11,1
R 28,64,1
S 29,64,2
F 63,63,1
Ƨ 40,64,2
C 6,64,2
A 41,61,1
W 62,63,1
B 59,63,1
P 34,64,2
T 48,62,1
E 24,63,2
M 24,65,1
L 9,68,3
I 17,94,1
D 33,67,14
G 36,76,1
g 40,40,1
b 54,38,73
z 29,40,2
x 9,26,6
f 38,23,4
t 54,26,4
h 40,24,1
y 42,24,1
q 3,33,1
ç 3,13,1
m 33,25,1
c 62,41,1
v 39,40,1
p 9,40,2
u 15,40,1
w 1,42,1
s 25,40,2
